%YAML:1.0
---
camera_matrix: !!opencv-matrix
   rows: 3
   cols: 3
   dt: d
   data: [ 1.2271654954586407e+02, 0., 6.3845080693367004e+02, 0.,
       7.8799774647978575e+02, 3.5773501351250559e+02, 0., 0., 1. ]
distortion_coefficients: !!opencv-matrix
   rows: 1
   cols: 5
   dt: d
   data: [ -1.0687544589186295e-02, 2.7805963050390495e-05,
       5.0549348764068291e-04, 4.0477653923446499e-03,
       -1.8978115068074063e-08 ]
reprojection_error: 1.4585643597363341e+02
